png 55 55 mp1line.png

rgb 150 173 30
xyzw 0.25 0.0 0 1
rgb 121 228 31
xyzw 1.0 0.0 0 1
line -2 -1
rgb 94 75 89
xyzw 0.24148145657226708 0.06470476127563018 0 1
xyzw 0.9659258262890683 0.25881904510252074 0 1
line -2 -1
rgb 102 174 68
xyzw 0.21650635094610968 0.12499999999999999 0 1
xyzw 0.8660254037844387 0.49999999999999994 0 1
line -2 -1
rgb 148 212 3
xyzw 0.1767766952966369 0.17677669529663687 0 1
rgb 16 7 34
xyzw 0.7071067811865476 0.7071067811865475 0 1
line -2 -1
rgb 227 83 33
xyzw 0.12500000000000003 0.21650635094610965 0 1
xyzw 0.5000000000000001 0.8660254037844386 0 1
line -2 -1
rgb 205 158 199
xyzw 0.06470476127563018 0.24148145657226708 0 1
rgb 204 92 189
xyzw 0.25881904510252074 0.9659258262890683 0 1
line -2 -1
rgb 21 90 219
xyzw 1.5308084989341915e-17 0.25 0 1
rgb 74 196 128
xyzw 6.123233995736766e-17 1.0 0 1
line -2 -1
rgb 203 194 116
xyzw -0.06470476127563016 0.24148145657226708 0 1
xyzw -0.25881904510252063 0.9659258262890683 0 1
line -2 -1
rgb 168 199 201
xyzw -0.12499999999999994 0.21650635094610968 0 1
xyzw -0.4999999999999998 0.8660254037844387 0 1
line -2 -1
rgb 75 141 36
xyzw -0.17677669529663687 0.1767766952966369 0 1
xyzw -0.7071067811865475 0.7071067811865476 0 1
line -2 -1
rgb 201 137 83
xyzw -0.21650635094610968 0.12499999999999999 0 1
rgb 139 175 88
xyzw -0.8660254037844387 0.49999999999999994 0 1
line -2 -1
rgb 64 59 160
xyzw -0.24148145657226705 0.06470476127563025 0 1
rgb 5 211 89
xyzw -0.9659258262890682 0.258819045102521 0 1
line -2 -1
rgb 232 252 114
xyzw -0.25 3.061616997868383e-17 0 1
xyzw -1.0 1.2246467991473532e-16 0 1
line -2 -1
rgb 228 43 28
xyzw -0.24148145657226708 -0.0647047612756302 0 1
xyzw -0.9659258262890683 -0.2588190451025208 0 1
line -2 -1
rgb 179 162 190
xyzw -0.2165063509461097 -0.12499999999999993 0 1
xyzw -0.8660254037844388 -0.4999999999999997 0 1
line -2 -1
rgb 75 183 192
xyzw -0.17677669529663698 -0.17677669529663678 0 1
rgb 117 0 58
xyzw -0.7071067811865479 -0.7071067811865471 0 1
line -2 -1
rgb 71 225 18
xyzw -0.1250000000000001 -0.2165063509461096 0 1
xyzw -0.5000000000000004 -0.8660254037844384 0 1
line -2 -1
rgb 0 192 124
xyzw -0.06470476127563016 -0.24148145657226708 0 1
xyzw -0.25881904510252063 -0.9659258262890683 0 1
line -2 -1
rgb 92 71 243
xyzw -4.592425496802574e-17 -0.25 0 1
xyzw -1.8369701987210297e-16 -1.0 0 1
line -2 -1
rgb 129 6 193
xyzw 0.06470476127563007 -0.2414814565722671 0 1
rgb 10 33 0
xyzw 0.2588190451025203 -0.9659258262890684 0 1
line -2 -1
rgb 15 67 33
xyzw 0.12500000000000003 -0.21650635094610965 0 1
xyzw 0.5000000000000001 -0.8660254037844386 0 1
line -2 -1
rgb 110 182 137
xyzw 0.17677669529663684 -0.17677669529663692 0 1
xyzw 0.7071067811865474 -0.7071067811865477 0 1
line -2 -1
rgb 158 174 167
xyzw 0.2165063509461096 -0.1250000000000001 0 1
xyzw 0.8660254037844384 -0.5000000000000004 0 1
line -2 -1
rgb 58 28 207
xyzw 0.24148145657226702 -0.06470476127563039 0 1
rgb 91 130 33
xyzw 0.9659258262890681 -0.25881904510252157 0 1
line -2 -1
